(* Content-type: application/mathematica *)

(*** Wolfram Notebook File ***)
(* http://www.wolfram.com/nb *)

(* CreatedBy='Mathematica 7.0' *)

(*CacheID: 234*)
(* Internal cache information:
NotebookFileLineBreakTest
NotebookFileLineBreakTest
NotebookDataPosition[       145,          7]
NotebookDataLength[    379176,      12498]
NotebookOptionsPosition[    376710,      12420]
NotebookOutlinePosition[    377054,      12435]
CellTagsIndexPosition[    377011,      12432]
WindowFrame->Normal*)

(* Beginning of Notebook Content *)
Notebook[{
Cell[BoxData[{
 RowBox[{"<<", "Statistics`"}], "\[IndentingNewLine]", 
 RowBox[{"<<", "Graphics`"}]}], "Input"],

Cell[BoxData[
 RowBox[{"Clear", "[", 
  RowBox[{
  "\[Mu]", ",", "\[Rho]", ",", "Sigma", ",", "x", ",", "y", ",", 
   "CopulaNormal"}], "]"}]], "Input"],

Cell[CellGroupData[{

Cell[BoxData[{
 RowBox[{
  RowBox[{"\[Mu]", "=", 
   RowBox[{"{", 
    RowBox[{"0", ",", "0"}], "}"}]}], ";"}], "\n", 
 RowBox[{
  RowBox[{"Sigma", "=", 
   RowBox[{"(", GridBox[{
      {"1", "\[Rho]"},
      {"\[Rho]", "1"}
     }], ")"}]}], ";"}], "\n", 
 RowBox[{
  RowBox[{"ndist2", "=", 
   RowBox[{"MultinormalDistribution", "[", 
    RowBox[{"\[Mu]", ",", "Sigma"}], "]"}]}], ";"}], "\n", 
 RowBox[{"f", "=", 
  RowBox[{
   RowBox[{"PDF", "[", 
    RowBox[{"ndist2", ",", 
     RowBox[{"{", 
      RowBox[{"x", ",", "y"}], "}"}]}], "]"}], "//", "Simplify"}]}]}], "Input"],

Cell[BoxData[
 FractionBox[
  SuperscriptBox["\[ExponentialE]", 
   FractionBox[
    RowBox[{
     SuperscriptBox["x", "2"], "+", 
     SuperscriptBox["y", "2"], "-", 
     RowBox[{"2", " ", "x", " ", "y", " ", "\[Rho]"}]}], 
    RowBox[{"2", " ", 
     RowBox[{"(", 
      RowBox[{
       RowBox[{"-", "1"}], "+", 
       SuperscriptBox["\[Rho]", "2"]}], ")"}]}]]], 
  RowBox[{"2", " ", "\[Pi]", " ", 
   SqrtBox[
    RowBox[{"1", "-", 
     SuperscriptBox["\[Rho]", "2"]}]]}]]], "Output"]
}, Open  ]],

Cell[CellGroupData[{

Cell[BoxData[{
 RowBox[{
  RowBox[{"ndist", "=", 
   RowBox[{"NormalDistribution", "[", 
    RowBox[{"0", ",", "1"}], "]"}]}], ";"}], "\n", 
 RowBox[{
  RowBox[{"CopulaNormal", "[", 
   RowBox[{"x_", ",", "y_"}], "]"}], ":=", 
  RowBox[{
   RowBox[{"CDF", "[", 
    RowBox[{"ndist2", ",", 
     RowBox[{"{", 
      RowBox[{
       RowBox[{"Quantile", "[", 
        RowBox[{"ndist", ",", "x"}], "]"}], ",", 
       RowBox[{"Quantile", "[", 
        RowBox[{"ndist", ",", "y"}], "]"}]}], "}"}]}], "]"}], "/.", 
   RowBox[{"\[Rho]", "\[Rule]", "0.6"}]}]}], "\n", 
 RowBox[{
  RowBox[{"CopulaNormal", "[", 
   RowBox[{"x_", ",", "y_"}], "]"}], ":=", 
  RowBox[{"0", "/;", 
   RowBox[{
    RowBox[{"x", "\[Equal]", "0"}], "||", 
    RowBox[{"y", "\[Equal]", "0"}]}]}]}], "\n", 
 RowBox[{"Clear", "[", 
  RowBox[{
  "crow", ",", "ccol", ",", "c", ",", "copula", ",", "dvalues", ",", "d"}], 
  "]"}], "\n", 
 RowBox[{"crow", "=", 
  RowBox[{"{", 
   RowBox[{"0", ",", 
    RowBox[{"CDF", "[", 
     RowBox[{"ndist", ",", 
      RowBox[{"-", "2.0"}]}], "]"}], ",", "0.05", ",", "0.1", ",", "0.2", ",",
     "0.3", ",", "0.4", ",", "0.5", ",", "0.6", ",", "0.7", ",", "0.8", ",", 
    "0.9", ",", "0.95", ",", 
    RowBox[{"CDF", "[", 
     RowBox[{"ndist", ",", "2.0"}], "]"}], ",", "1.0"}], 
   "}"}]}], "\[IndentingNewLine]", 
 RowBox[{
  RowBox[{"ccol", "=", "crow"}], ";"}], "\[IndentingNewLine]", 
 RowBox[{
  RowBox[{"nrows", "=", 
   RowBox[{"Length", "[", "crow", "]"}]}], ";"}]}], "Input"],

Cell[BoxData[
 RowBox[{"{", 
  RowBox[{
  "0", ",", "0.02275013194817921`", ",", "0.05`", ",", "0.1`", ",", "0.2`", 
   ",", "0.3`", ",", "0.4`", ",", "0.5`", ",", "0.6`", ",", "0.7`", ",", 
   "0.8`", ",", "0.9`", ",", "0.95`", ",", "0.9772498680518208`", ",", 
   "1.`"}], "}"}]], "Output"]
}, Open  ]],

Cell[BoxData[
 RowBox[{"(*", " ", 
  RowBox[{
   RowBox[{
   "copula", " ", "is", " ", "the", " ", "initial", " ", "copula", " ", 
    "with", " ", "given", " ", "values", " ", "on", " ", "the", " ", "sub"}], 
   "-", 
   RowBox[{"grid", "."}]}], " ", "*)"}]], "Input"],

Cell[BoxData[{
 RowBox[{"Clear", "[", 
  RowBox[{"copula", ",", "c"}], "]"}], "\[IndentingNewLine]", 
 RowBox[{
  RowBox[{"copula", "=", 
   RowBox[{"Array", "[", 
    RowBox[{"c", ",", 
     RowBox[{"{", 
      RowBox[{"nrows", ",", "nrows"}], "}"}]}], "]"}]}], ";"}]}], "Input"],

Cell[BoxData[
 RowBox[{"Do", "[", 
  RowBox[{
   RowBox[{"Do", "[", 
    RowBox[{
     RowBox[{
      RowBox[{"c", "[", 
       RowBox[{"j", ",", "i"}], "]"}], "=", 
      RowBox[{"CopulaNormal", "[", 
       RowBox[{
        RowBox[{"crow", "[", 
         RowBox[{"[", "i", "]"}], "]"}], ",", 
        RowBox[{"ccol", "[", 
         RowBox[{"[", "j", "]"}], "]"}]}], "]"}]}], ",", 
     RowBox[{"{", 
      RowBox[{"i", ",", "1", ",", "nrows"}], "}"}]}], "]"}], ",", 
   RowBox[{"{", 
    RowBox[{"j", ",", "1", ",", "nrows"}], "}"}]}], "]"}]], "Input"],

Cell[CellGroupData[{

Cell[BoxData[
 RowBox[{"copula", "//", "MatrixForm"}]], "Input"],

Cell[BoxData[
 TagBox[
  RowBox[{"(", "\[NoBreak]", GridBox[{
     {"0", "0", "0", "0", "0", "0", "0", "0", "0", "0", "0", "0", "0", "0", 
      "0"},
     {"0", "0.00549997597710865`", "0.008941473932577743`", 
      "0.012903002399030864`", "0.01727668907930151`", 
      "0.019620842821537473`", "0.020988857353642233`", 
      "0.021804363898266083`", "0.022283382140483896`", 
      "0.022550927514923713`", "0.022685473945140793`", 
      "0.02273939133867583`", "0.02274815375986925`", "0.022749817585920633`",
       "0.022750131947879528`"},
     {"0", "0.008941473932577743`", "0.015522700491342219`", 
      "0.02385268834351591`", "0.03411164453582414`", "0.04023546032925664`", 
      "0.04412908688543321`", "0.04663688750662144`", "0.04822517102902366`", 
      "0.04918437218941209`", "0.04971062724565583`", "0.049945430807536766`",
       "0.04998881044679362`", "0.04999802181150583`", 
      "0.050000000000656936`"},
     {"0", "0.012903002399030864`", "0.02385268834351591`", 
      "0.03901746504514134`", "0.05977572639182905`", "0.07353057486123524`", 
      "0.08304347167423717`", "0.0896573255304291`", "0.09417156521750765`", 
      "0.09711898439360545`", "0.09888352407498643`", "0.09976102447738278`", 
      "0.09994543086984627`", "0.09998926032205444`", "0.10000000000000339`"},
     {"0", "0.01727668907930151`", "0.03411164453582414`", 
      "0.05977572639182905`", "0.0992346347084587`", "0.12859883071904402`", 
      "0.15093626893134293`", "0.167887518507834`", "0.1805019789745807`", 
      "0.1895206993817319`", "0.19550175536948608`", "0.1988835241267097`", 
      "0.1997106272492952`", "0.19993534199584959`", "0.19999999999875845`"},
     {"0", "0.019620842821537473`", "0.04023546032925664`", 
      "0.07353057486123524`", "0.12859883071904402`", "0.17274836264274343`", 
      "0.20850391071023897`", "0.23727236161709375`", "0.25996900329291284`", 
      "0.2772337489242558`", "0.2895206996490665`", "0.29711898442747364`", 
      "0.2991843786155592`", "0.29980079556627287`", "0.2999999999996855`"},
     {"0", "0.020988857353642233`", "0.04412908688543321`", 
      "0.08304347167423717`", "0.15093626893134293`", "0.20850391071023897`", 
      "0.2574362787678422`", "0.2986576948043369`", "0.33272725695868877`", 
      "0.35996900329283843`", "0.38050197919042544`", "0.39417156523105373`", 
      "0.3982251710282512`", "0.3995332501912936`", "0.39999999999977187`"},
     {"0", "0.021804363898266083`", "0.04663688750662144`", 
      "0.0896573255304291`", "0.167887518507834`", "0.23727236161709375`", 
      "0.2986576948043369`", "0.3524163823494591`", "0.39865769480422575`", 
      "0.4372723620557699`", "0.46788751850929267`", "0.48965732553170244`", 
      "0.4966368875041499`", "0.49905423194913606`", "0.5000000000016362`"},
     {"0", "0.022283382140483896`", "0.04822517102902366`", 
      "0.09417156521750765`", "0.1805019789745807`", "0.25996900329291284`", 
      "0.33272725695868877`", "0.39865769480422575`", "0.45743627930264885`", 
      "0.508503910710132`", "0.5509362689609313`", "0.5830434716724666`", 
      "0.5941290868831807`", "0.5982387254095952`", "0.6000000000088592`"},
     {"0", "0.022550927514923713`", "0.04918437218941209`", 
      "0.09711898439360545`", "0.1895206993817319`", "0.2772337489242558`", 
      "0.35996900329283843`", "0.4372723620557699`", "0.508503910710132`", 
      "0.5727483626957157`", "0.6285988307210303`", "0.6735305748560716`", 
      "0.6902354603329041`", "0.696870710892763`", "0.7000000000159998`"},
     {"0", "0.022685473945140793`", "0.04971062724565583`", 
      "0.09888352407498643`", "0.19550175536948608`", "0.2895206996490665`", 
      "0.38050197919042544`", "0.46788751850929267`", "0.5509362689609313`", 
      "0.6285988307210303`", "0.6992346347039908`", "0.7597757263968277`", 
      "0.7841116445769616`", "0.7945265572213932`", "0.799999999939708`"},
     {"0", "0.02273939133867583`", "0.049945430807536766`", 
      "0.09976102447738278`", "0.1988835241267097`", "0.29711898442747364`", 
      "0.39417156523105373`", "0.48965732553170244`", "0.5830434716724666`", 
      "0.6735305748560716`", "0.7597757263968277`", "0.8390174651290347`", 
      "0.8738526885898535`", "0.8901528704490078`", "0.8999999990656529`"},
     {"0", "0.02274815375986925`", "0.04998881044679362`", 
      "0.09994543086984627`", "0.1997106272492952`", "0.2991843786155592`", 
      "0.3982251710282512`", "0.4966368875041499`", "0.5941290868831807`", 
      "0.6902354603329041`", "0.7841116445769616`", "0.8738526885898535`", 
      "0.915522700489107`", "0.9361913419838526`", "0.9499999999993816`"},
     {"0", "0.022749817585920633`", "0.04999802181150583`", 
      "0.09998926032205444`", "0.19993534199584959`", "0.29980079556627287`", 
      "0.3995332501912936`", "0.49905423194913606`", "0.5982387254095952`", 
      "0.696870710892763`", "0.7945265572213932`", "0.8901528704490078`", 
      "0.9361913419838526`", "0.9599997120798835`", "0.9772498680514274`"},
     {"0", "0.022750131947879528`", "0.050000000000656936`", 
      "0.10000000000000339`", "0.19999999999875845`", "0.2999999999996855`", 
      "0.39999999999977187`", "0.5000000000016362`", "0.6000000000088592`", 
      "0.7000000000159998`", "0.799999999939708`", "0.8999999990656529`", 
      "0.9499999999993816`", "0.9772498680514274`", "0.9999999999996252`"}
    },
    GridBoxAlignment->{
     "Columns" -> {{Left}}, "ColumnsIndexed" -> {}, "Rows" -> {{Baseline}}, 
      "RowsIndexed" -> {}},
    GridBoxSpacings->{"Columns" -> {
        Offset[0.27999999999999997`], {
         Offset[0.7]}, 
        Offset[0.27999999999999997`]}, "ColumnsIndexed" -> {}, "Rows" -> {
        Offset[0.2], {
         Offset[0.4]}, 
        Offset[0.2]}, "RowsIndexed" -> {}}], "\[NoBreak]", ")"}],
  Function[BoxForm`e$, 
   MatrixForm[BoxForm`e$]]]], "Output"]
}, Open  ]],

Cell[BoxData[
 RowBox[{
  RowBox[{"copula0", "=", 
   RowBox[{"ListInterpolation", "[", 
    RowBox[{"copula", ",", 
     RowBox[{"{", 
      RowBox[{"crow", ",", "ccol"}], "}"}]}], "]"}]}], ";"}]], "Input"],

Cell[CellGroupData[{

Cell[BoxData[
 RowBox[{"Plot3D", "[", 
  RowBox[{
   RowBox[{"copula0", "[", 
    RowBox[{"x", ",", "y"}], "]"}], ",", 
   RowBox[{"{", 
    RowBox[{"x", ",", "0", ",", "1"}], "}"}], ",", 
   RowBox[{"{", 
    RowBox[{"y", ",", "0", ",", "1"}], "}"}], ",", 
   RowBox[{"AxesLabel", "\[Rule]", 
    RowBox[{"{", 
     RowBox[{"\"\<x\>\"", ",", "\"\<y\>\"", ",", "\"\< \>\""}], "}"}]}], ",", 
   RowBox[{"PlotRange", "\[Rule]", 
    RowBox[{"{", 
     RowBox[{
      RowBox[{"{", 
       RowBox[{"0", ",", "1"}], "}"}], ",", 
      RowBox[{"{", 
       RowBox[{"0", ",", "1"}], "}"}], ",", 
      RowBox[{"{", 
       RowBox[{"0", ",", "1"}], "}"}]}], "}"}]}]}], "]"}]], "Input"],

Cell[GraphicsData["PostScript", "\<\
%!
%%Creator: Mathematica
%%AspectRatio: .81114 
MathPictureStart
/Mabs {
Mgmatrix idtransform
Mtmatrix dtransform
} bind def
/Mabsadd { Mabs
3 -1 roll add
3 1 roll add
exch } bind def
%% SurfaceGraphics
%%IncludeResource: font Courier
%%IncludeFont: Courier
/Courier findfont 10  scalefont  setfont
% Scaling calculations
0 1.04977 -0.0679587 1.04977 [
[.02757 .24618 -6 -8.70276 ]
[.02757 .24618 0 .29724 ]
[.14598 .19958 -17.886 -9 ]
[.14598 .19958 .11404 0 ]
[.27013 .15073 -17.1354 -9 ]
[.27013 .15073 .86461 0 ]
[.40046 .09948 -16.3848 -9 ]
[.40046 .09948 1.61518 0 ]
[.53743 .04564 -15.6343 -9 ]
[.53743 .04564 2.36575 0 ]
[.68156 -0.01098 -4.96123 -9 ]
[.68156 -0.01098 1.03877 0 ]
[.29165 .07573 -9.31117 -12 ]
[.29165 .07573 .68883 0 ]
[.70096 -0.00478 0 -6.26206 ]
[.70096 -0.00478 6 2.73794 ]
[.76745 .09703 0 -6.16187 ]
[.76745 .09703 18 2.83813 ]
[.82812 .18993 0 -6.07246 ]
[.82812 .18993 18 2.92754 ]
[.88369 .27502 0 -5.99218 ]
[.88369 .27502 18 3.00782 ]
[.93478 .35327 0 -5.9197 ]
[.93478 .35327 18 3.0803 ]
[.98191 .42546 0 -5.85393 ]
[.98191 .42546 6 3.14607 ]
[.91861 .21225 0 -8.04169 ]
[.91861 .21225 10 3.95831 ]
[.02494 .25992 -6 -2.73794 ]
[.02494 .25992 0 6.26206 ]
[.0179 .30404 -18 -2.77522 ]
[.0179 .30404 0 6.22478 ]
[.01066 .34944 -18 -2.81369 ]
[.01066 .34944 0 6.18631 ]
[.0032 .39618 -18 -2.85342 ]
[.0032 .39618 0 6.14658 ]
[-0.00448 .44432 -18 -2.89446 ]
[-0.00448 .44432 0 6.10554 ]
[-0.0124 .49393 -6 -2.93688 ]
[-0.0124 .49393 0 6.06312 ]
[-0.05457 .39542 -10 -3.77786 ]
[-0.05457 .39542 0 8.22214 ]
[ 0 0 0 0 ]
[ 1 .81114 0 0 ]
] MathScale
% Start of Graphics
1 setlinecap
1 setlinejoin
newpath
0 g
.25 Mabswid
[ ] 0 setdash
.03716 .25514 m
.68874 0 L
s
.03716 .25514 m
.04196 .25962 L
s
[(0)] .02757 .24618 1 .93395 Mshowa
.1552 .20892 m
.15981 .21359 L
s
[(0.2)] .14598 .19958 .98733 1 Mshowa
.27893 .16047 m
.28333 .16533 L
s
[(0.4)] .27013 .15073 .90393 1 Mshowa
.40878 .10962 m
.41294 .11469 L
s
[(0.6)] .40046 .09948 .82054 1 Mshowa
.54521 .0562 m
.54911 .06148 L
s
[(0.8)] .53743 .04564 .73714 1 Mshowa
.68874 0 m
.69233 .00549 L
s
[(1)] .68156 -0.01098 .65374 1 Mshowa
.125 Mabswid
.06616 .24378 m
.06901 .2465 L
s
.09549 .2323 m
.09832 .23504 L
s
.12517 .22067 m
.12797 .22345 L
s
.18558 .19702 m
.18832 .19985 L
s
.21633 .18498 m
.21903 .18784 L
s
.24744 .1728 m
.25012 .17569 L
s
.3108 .14799 m
.31341 .15094 L
s
.34306 .13535 m
.34564 .13834 L
s
.37572 .12257 m
.37826 .12558 L
s
.44225 .09652 m
.44471 .09959 L
s
.47614 .08324 m
.47856 .08635 L
s
.51046 .06981 m
.51284 .07294 L
s
.58041 .04242 m
.5827 .04562 L
s
.61605 .02846 m
.6183 .03169 L
s
.65216 .01432 m
.65436 .01759 L
s
gsave
.29165 .07573 -70.3112 -16 Mabsadd m
1 1 Mabs scale
currentpoint translate
0 20 translate 1 -1 scale
/g { setgray} bind def
/k { setcmykcolor} bind def
/p { gsave} bind def
/r { setrgbcolor} bind def
/w { setlinewidth} bind def
/C { curveto} bind def
/F { fill} bind def
/L { lineto} bind def
/rL { rlineto} bind def
/P { grestore} bind def
/s { stroke} bind def
/S { show} bind def
/N {currentpoint 3 -1 roll show moveto} bind def
/Msf { findfont exch scalefont [1 0 0 -1 0 0 ] makefont setfont} bind def
/m { moveto} bind def
/Mr { rmoveto} bind def
/Mx {currentpoint exch pop moveto} bind def
/My {currentpoint pop exch moveto} bind def
/X {0 rmoveto} bind def
/Y {0 exch rmoveto} bind def
63.000 13.000 moveto
%%IncludeResource: font Courier
%%IncludeFont: Courier
/Courier findfont 10.000 scalefont
[1 0 0 -1 0 0 ] makefont setfont
0.000 0.000 0.000 setrgbcolor
0.000 0.000 rmoveto
63.000 13.000 moveto
%%IncludeResource: font Courier
%%IncludeFont: Courier
/Courier findfont 10.000 scalefont
[1 0 0 -1 0 0 ] makefont setfont
0.000 0.000 0.000 setrgbcolor
(x) show
69.000 13.000 moveto
%%IncludeResource: font Courier
%%IncludeFont: Courier
/Courier findfont 10.000 scalefont
[1 0 0 -1 0 0 ] makefont setfont
0.000 0.000 0.000 setrgbcolor
0.000 0.000 rmoveto
1.000 setlinewidth
grestore
.25 Mabswid
.68874 0 m
.96935 .42924 L
s
.68874 0 m
.68263 .00239 L
s
[(0)] .70096 -0.00478 -1 .39157 Mshowa
.75514 .10158 m
.74899 .10385 L
s
[(0.2)] .76745 .09703 -1 .3693 Mshowa
.81573 .19425 m
.80953 .19642 L
s
[(0.4)] .82812 .18993 -1 .34944 Mshowa
.87123 .27915 m
.865 .28122 L
s
[(0.6)] .88369 .27502 -1 .3316 Mshowa
.92227 .35722 m
.91601 .35919 L
s
[(0.8)] .93478 .35327 -1 .31549 Mshowa
.96935 .42924 m
.96306 .43113 L
s
[(1)] .98191 .42546 -1 .30087 Mshowa
.125 Mabswid
.70593 .0263 m
.70226 .02771 L
s
.72272 .05198 m
.71904 .05338 L
s
.73912 .07706 m
.73543 .07845 L
s
.7708 .12553 m
.7671 .12688 L
s
.78611 .14895 m
.78241 .15028 L
s
.80108 .17185 m
.79737 .17317 L
s
.83006 .21617 m
.82633 .21745 L
s
.84407 .23761 m
.84035 .23888 L
s
.8578 .2586 m
.85407 .25986 L
s
.88439 .29928 m
.88065 .3005 L
s
.89727 .31899 m
.89353 .3202 L
s
.9099 .3383 m
.90615 .3395 L
s
.93439 .37576 m
.93063 .37693 L
s
.94627 .39394 m
.94251 .3951 L
s
.95792 .41176 m
.95416 .41291 L
s
gsave
.91861 .21225 -61 -12.0417 Mabsadd m
1 1 Mabs scale
currentpoint translate
0 20 translate 1 -1 scale
/g { setgray} bind def
/k { setcmykcolor} bind def
/p { gsave} bind def
/r { setrgbcolor} bind def
/w { setlinewidth} bind def
/C { curveto} bind def
/F { fill} bind def
/L { lineto} bind def
/rL { rlineto} bind def
/P { grestore} bind def
/s { stroke} bind def
/S { show} bind def
/N {currentpoint 3 -1 roll show moveto} bind def
/Msf { findfont exch scalefont [1 0 0 -1 0 0 ] makefont setfont} bind def
/m { moveto} bind def
/Mr { rmoveto} bind def
/Mx {currentpoint exch pop moveto} bind def
/My {currentpoint pop exch moveto} bind def
/X {0 rmoveto} bind def
/Y {0 exch rmoveto} bind def
63.000 13.000 moveto
%%IncludeResource: font Courier
%%IncludeFont: Courier
/Courier findfont 10.000 scalefont
[1 0 0 -1 0 0 ] makefont setfont
0.000 0.000 0.000 setrgbcolor
0.000 0.000 rmoveto
63.000 13.000 moveto
%%IncludeResource: font Courier
%%IncludeFont: Courier
/Courier findfont 10.000 scalefont
[1 0 0 -1 0 0 ] makefont setfont
0.000 0.000 0.000 setrgbcolor
(y) show
69.000 13.000 moveto
%%IncludeResource: font Courier
%%IncludeFont: Courier
/Courier findfont 10.000 scalefont
[1 0 0 -1 0 0 ] makefont setfont
0.000 0.000 0.000 setrgbcolor
0.000 0.000 rmoveto
1.000 setlinewidth
grestore
.25 Mabswid
.03716 .25514 m
0 .48963 L
s
.03716 .25514 m
.04327 .25274 L
s
[(0)] .02494 .25992 1 -0.39157 Mshowa
.03016 .29934 m
.03628 .29699 L
s
[(0.2)] .0179 .30404 1 -0.38329 Mshowa
.02295 .34483 m
.02909 .34253 L
s
[(0.4)] .01066 .34944 1 -0.37474 Mshowa
.01552 .39167 m
.02169 .38942 L
s
[(0.6)] .0032 .39618 1 -0.36591 Mshowa
.00788 .43991 m
.01406 .43771 L
s
[(0.8)] -0.00448 .44432 1 -0.35679 Mshowa
0 .48963 m
.0062 .48748 L
s
[(1)] -0.0124 .49393 1 -0.34736 Mshowa
.125 Mabswid
.03543 .26607 m
.0391 .26464 L
s
.03368 .27708 m
.03735 .27566 L
s
.03193 .28817 m
.0356 .28676 L
s
.02837 .31059 m
.03205 .30919 L
s
.02658 .32192 m
.03026 .32053 L
s
.02477 .33334 m
.02845 .33195 L
s
.02111 .35641 m
.0248 .35504 L
s
.01926 .36808 m
.02295 .36671 L
s
.0174 .37983 m
.02109 .37847 L
s
.01363 .4036 m
.01733 .40225 L
s
.01173 .41561 m
.01543 .41428 L
s
.00981 .42772 m
.01352 .42639 L
s
.00593 .4522 m
.00964 .45089 L
s
.00397 .46458 m
.00768 .46328 L
s
.00199 .47706 m
.00571 .47576 L
s
gsave
-0.05457 .39542 -71 -7.77786 Mabsadd m
1 1 Mabs scale
currentpoint translate
0 20 translate 1 -1 scale
/g { setgray} bind def
/k { setcmykcolor} bind def
/p { gsave} bind def
/r { setrgbcolor} bind def
/w { setlinewidth} bind def
/C { curveto} bind def
/F { fill} bind def
/L { lineto} bind def
/rL { rlineto} bind def
/P { grestore} bind def
/s { stroke} bind def
/S { show} bind def
/N {currentpoint 3 -1 roll show moveto} bind def
/Msf { findfont exch scalefont [1 0 0 -1 0 0 ] makefont setfont} bind def
/m { moveto} bind def
/Mr { rmoveto} bind def
/Mx {currentpoint exch pop moveto} bind def
/My {currentpoint pop exch moveto} bind def
/X {0 rmoveto} bind def
/Y {0 exch rmoveto} bind def
63.000 13.000 moveto
%%IncludeResource: font Courier
%%IncludeFont: Courier
/Courier findfont 10.000 scalefont
[1 0 0 -1 0 0 ] makefont setfont
0.000 0.000 0.000 setrgbcolor
0.000 0.000 rmoveto
69.000 13.000 moveto
0.000 0.000 rmoveto
1.000 setlinewidth
grestore
.25 Mabswid
.03716 .25514 m
0 .48963 L
s
0 .48963 m
.39787 .81114 L
s
.39787 .81114 m
.40529 .59895 L
s
.40529 .59895 m
.03716 .25514 L
s
.68874 0 m
.96935 .42924 L
s
.96935 .42924 m
1 .6535 L
s
1 .6535 m
.70298 .24544 L
s
.70298 .24544 m
.68874 0 L
s
.03716 .25514 m
0 .48963 L
s
0 .48963 m
.70298 .24544 L
s
.70298 .24544 m
.68874 0 L
s
.68874 0 m
.03716 .25514 L
s
.40529 .59895 m
.96935 .42924 L
s
.96935 .42924 m
1 .6535 L
s
1 .6535 m
.39787 .81114 L
s
.39787 .81114 m
.40529 .59895 L
s
0 0 m
1 0 L
1 .81114 L
0 .81114 L
closepath
clip
newpath
.5 Mabswid
.449 .665 .954 r
.39254 .58705 .40529 .59895 .4264 .60089 .41373 .58892 Metetra
.449 .665 .954 r
.41373 .58892 .4264 .60089 .44779 .60285 .4352 .59081 Metetra
.449 .665 .954 r
.4352 .59081 .44779 .60285 .46946 .60484 .45695 .59273 Metetra
.45 .665 .954 r
.45695 .59273 .46946 .60484 .49141 .60685 .47898 .59466 Metetra
.45 .665 .954 r
.47898 .59466 .49141 .60685 .51366 .60889 .50131 .59662 Metetra
.451 .665 .954 r
.50131 .59662 .51366 .60889 .53619 .61096 .52394 .59859 Metetra
.451 .665 .954 r
.52394 .59859 .53619 .61096 .55903 .61305 .54687 .60058 Metetra
.453 .665 .953 r
.54687 .60058 .55903 .61305 .58218 .61517 .57011 .60259 Metetra
.454 .664 .953 r
.57011 .60259 .58218 .61517 .60564 .61733 .59367 .6046 Metetra
.455 .664 .952 r
.59367 .6046 .60564 .61733 .62942 .61951 .61755 .60663 Metetra
.457 .663 .951 r
.61755 .60663 .62942 .61951 .65352 .62172 .64176 .60867 Metetra
.46 .663 .95 r
.64176 .60867 .65352 .62172 .67796 .62396 .6663 .61072 Metetra
.462 .662 .948 r
.6663 .61072 .67796 .62396 .70274 .62623 .69119 .61276 Metetra
.465 .661 .946 r
.69119 .61276 .70274 .62623 .72787 .62854 .71642 .6148 Metetra
.469 .659 .944 r
.71642 .6148 .72787 .62854 .75335 .63088 .74201 .61683 Metetra
.473 .658 .941 r
.74201 .61683 .75335 .63088 .7792 .63325 .76796 .61884 Metetra
.479 .656 .938 r
.76796 .61884 .7792 .63325 .80542 .63565 .79427 .62082 Metetra
.484 .653 .934 r
.79427 .62082 .80542 .63565 .83201 .63809 .82096 .62276 Metetra
.491 .65 .929 r
.82096 .62276 .83201 .63809 .85899 .64057 .84801 .62462 Metetra
.501 .647 .923 r
.84801 .62462 .85899 .64057 .88637 .64308 .87544 .62628 Metetra
.508 .64 .914 r
.87544 .62628 .88637 .64308 .91415 .64563 .90326 .62795 Metetra
.521 .637 .905 r
.90326 .62795 .91415 .64563 .94234 .64821 .93144 .62925 Metetra
.532 .628 .891 r
.93144 .62925 .94234 .64821 .97095 .65084 .96 .63035 Metetra
.562 .627 .874 r
.96 .63035 .97095 .65084 1 .6535 .98875 .62989 Metetra
.449 .665 .954 r
.37961 .57497 .39254 .58705 .41373 .58892 .40087 .57677 Metetra
.45 .665 .954 r
.40087 .57677 .41373 .58892 .4352 .59081 .42242 .57859 Metetra
.45 .665 .954 r
.42242 .57859 .4352 .59081 .45695 .59273 .44425 .58041 Metetra
.451 .665 .954 r
.44425 .58041 .45695 .59273 .47898 .59466 .46636 .58224 Metetra
.453 .665 .953 r
.46636 .58224 .47898 .59466 .50131 .59662 .48878 .58408 Metetra
.454 .665 .953 r
.48878 .58408 .50131 .59662 .52394 .59859 .51149 .58591 Metetra
.457 .665 .952 r
.51149 .58591 .52394 .59859 .54687 .60058 .53452 .58774 Metetra
.459 .664 .951 r
.53452 .58774 .54687 .60058 .57011 .60259 .55785 .58956 Metetra
.462 .664 .95 r
.55785 .58956 .57011 .60259 .59367 .6046 .58151 .59137 Metetra
.465 .663 .948 r
.58151 .59137 .59367 .6046 .61755 .60663 .60548 .59316 Metetra
.469 .662 .946 r
.60548 .59316 .61755 .60663 .64176 .60867 .62979 .59492 Metetra
.473 .661 .943 r
.62979 .59492 .64176 .60867 .6663 .61072 .65443 .59666 Metetra
.478 .659 .941 r
.65443 .59666 .6663 .61072 .69119 .61276 .67942 .59835 Metetra
.483 .657 .937 r
.67942 .59835 .69119 .61276 .71642 .6148 .70475 .59999 Metetra
.489 .655 .933 r
.70475 .59999 .71642 .6148 .74201 .61683 .73043 .60156 Metetra
.496 .652 .929 r
.73043 .60156 .74201 .61683 .76796 .61884 .75646 .60305 Metetra
.502 .649 .924 r
.75646 .60305 .76796 .61884 .79427 .62082 .78285 .60444 Metetra
.51 .646 .918 r
.78285 .60444 .79427 .62082 .82096 .62276 .80961 .60571 Metetra
.518 .642 .911 r
.80961 .60571 .82096 .62276 .84801 .62462 .83672 .6068 Metetra
.529 .639 .903 r
.83672 .6068 .84801 .62462 .87544 .62628 .86419 .60757 Metetra
.536 .633 .894 r
.86419 .60757 .87544 .62628 .90326 .62795 .89203 .60823 Metetra
.548 .628 .883 r
.89203 .60823 .90326 .62795 .93144 .62925 .9202 .60837 Metetra
.559 .623 .872 r
.9202 .60837 .93144 .62925 .96 .63035 .94871 .60803 Metetra
.585 .623 .857 r
.94871 .60803 .96 .63035 .98875 .62989 .97738 .60601 Metetra
.449 .665 .954 r
.36648 .56271 .37961 .57497 .40087 .57677 .38782 .56444 Metetra
.45 .666 .954 r
.38782 .56444 .40087 .57677 .42242 .57859 .40944 .56616 Metetra
.452 .666 .954 r
.40944 .56616 .42242 .57859 .44425 .58041 .43135 .56788 Metetra
.454 .666 .953 r
.43135 .56788 .44425 .58041 .46636 .58224 .45355 .56958 Metetra
.456 .666 .953 r
.45355 .56958 .46636 .58224 .48878 .58408 .47606 .57126 Metetra
.459 .666 .952 r
.47606 .57126 .48878 .58408 .51149 .58591 .49886 .57291 Metetra
.463 .666 .95 r
.49886 .57291 .51149 .58591 .53452 .58774 .52198 .57454 Metetra
.466 .665 .949 r
.52198 .57454 .53452 .58774 .55785 .58956 .5454 .57613 Metetra
.47 .664 .947 r
.5454 .57613 .55785 .58956 .58151 .59137 .56915 .57767 Metetra
.475 .663 .945 r
.56915 .57767 .58151 .59137 .60548 .59316 .59323 .57917 Metetra
.48 .662 .942 r
.59323 .57917 .60548 .59316 .62979 .59492 .61763 .5806 Metetra
.486 .661 .939 r
.61763 .5806 .62979 .59492 .65443 .59666 .64237 .58196 Metetra
.491 .659 .935 r
.64237 .58196 .65443 .59666 .67942 .59835 .66745 .58323 Metetra
.498 .657 .931 r
.66745 .58323 .67942 .59835 .70475 .59999 .69287 .58441 Metetra
.504 .654 .926 r
.69287 .58441 .70475 .59999 .73043 .60156 .71863 .58547 Metetra
.511 .651 .921 r
.71863 .58547 .73043 .60156 .75646 .60305 .74475 .58639 Metetra
.519 .648 .915 r
.74475 .58639 .75646 .60305 .78285 .60444 .77122 .58715 Metetra
.526 .645 .909 r
.77122 .58715 .78285 .60444 .80961 .60571 .79804 .58772 Metetra
.535 .641 .902 r
.79804 .58772 .80961 .60571 .83672 .6068 .82521 .58803 Metetra
.545 .638 .894 r
.82521 .58803 .83672 .6068 .86419 .60757 .85272 .58794 Metetra
.552 .633 .885 r
.85272 .58794 .86419 .60757 .89203 .60823 .88058 .58765 Metetra
.564 .63 .876 r
.88058 .58765 .89203 .60823 .9202 .60837 .90876 .58673 Metetra
.575 .626 .865 r
.90876 .58673 .9202 .60837 .94871 .60803 .93725 .58521 Metetra
.599 .629 .852 r
.93725 .58521 .94871 .60803 .97738 .60601 .96587 .58184 Metetra
.45 .666 .954 r
.35316 .55026 .36648 .56271 .38782 .56444 .37457 .55191 Metetra
.452 .666 .954 r
.37457 .55191 .38782 .56444 .40944 .56616 .39627 .55353 Metetra
.454 .667 .954 r
.39627 .55353 .40944 .56616 .43135 .56788 .41826 .55511 Metetra
.458 .667 .953 r
.41826 .55511 .43135 .56788 .45355 .56958 .44055 .55665 Metetra
.461 .667 .952 r
.44055 .55665 .45355 .56958 .47606 .57126 .46314 .55815 Metetra
.465 .667 .95 r
.46314 .55815 .47606 .57126 .49886 .57291 .48603 .55959 Metetra
.47 .667 .949 r
.48603 .55959 .49886 .57291 .52198 .57454 .50924 .56097 Metetra
.474 .666 .946 r
.50924 .56097 .52198 .57454 .5454 .57613 .53276 .56228 Metetra
.48 .665 .944 r
.53276 .56228 .5454 .57613 .56915 .57767 .55661 .56351 Metetra
.486 .664 .941 r
.55661 .56351 .56915 .57767 .59323 .57917 .58078 .56466 Metetra
.492 .662 .938 r
.58078 .56466 .59323 .57917 .61763 .5806 .60527 .5657 Metetra
.498 .661 .934 r
.60527 .5657 .61763 .5806 .64237 .58196 .63011 .56663 Metetra
.505 .659 .929 r
.63011 .56663 .64237 .58196 .66745 .58323 .65527 .56743 Metetra
.512 .656 .925 r
.65527 .56743 .66745 .58323 .69287 .58441 .68078 .56809 Metetra
.519 .654 .919 r
.68078 .56809 .69287 .58441 .71863 .58547 .70663 .56859 Metetra
.526 .651 .913 r
.70663 .56859 .71863 .58547 .74475 .58639 .73283 .56889 Metetra
.534 .648 .907 r
.73283 .56889 .74475 .58639 .77122 .58715 .75937 .56897 Metetra
.541 .644 .9 r
.75937 .56897 .77122 .58715 .79804 .58772 .78625 .56881 Metetra
.55 .641 .893 r
.78625 .56881 .79804 .58772 .82521 .58803 .81348 .56834 Metetra
.56 .638 .885 r
.81348 .56834 .82521 .58803 .85272 .58794 .84103 .5674 Metetra
.566 .633 .877 r
.84103 .5674 .85272 .58794 .88058 .58765 .86892 .56618 Metetra
.577 .63 .868 r
.86892 .56618 .88058 .58765 .90876 .58673 .89712 .56429 Metetra
.588 .627 .858 r
.89712 .56429 .90876 .58673 .93725 .58521 .9256 .56171 Metetra
.609 .63 .847 r
.9256 .56171 .93725 .58521 .96587 .58184 .95423 .5574 Metetra
.451 .666 .954 r
.33963 .53763 .35316 .55026 .37457 .55191 .36112 .53919 Metetra
.454 .667 .954 r
.36112 .53919 .37457 .55191 .39627 .55353 .3829 .54068 Metetra
.458 .668 .953 r
.3829 .54068 .39627 .55353 .41826 .55511 .40497 .54211 Metetra
.462 .668 .952 r
.40497 .54211 .41826 .55511 .44055 .55665 .42734 .54346 Metetra
.467 .668 .951 r
.42734 .54346 .44055 .55665 .46314 .55815 .45002 .54474 Metetra
.472 .668 .949 r
.45002 .54474 .46314 .55815 .48603 .55959 .47301 .54593 Metetra
.477 .668 .947 r
.47301 .54593 .48603 .55959 .50924 .56097 .49631 .54703 Metetra
.483 .667 .944 r
.49631 .54703 .50924 .56097 .53276 .56228 .51993 .54802 Metetra
.489 .666 .941 r
.51993 .54802 .53276 .56228 .55661 .56351 .54387 .5489 Metetra
.496 .665 .938 r
.54387 .5489 .55661 .56351 .58078 .56466 .56813 .54966 Metetra
.503 .663 .934 r
.56813 .54966 .58078 .56466 .60527 .5657 .59272 .55028 Metetra
.51 .662 .929 r
.59272 .55028 .60527 .5657 .63011 .56663 .61765 .55075 Metetra
.517 .659 .925 r
.61765 .55075 .63011 .56663 .65527 .56743 .6429 .55105 Metetra
.524 .657 .919 r
.6429 .55105 .65527 .56743 .68078 .56809 .6685 .55117 Metetra
.531 .654 .914 r
.6685 .55117 .68078 .56809 .70663 .56859 .69443 .55108 Metetra
.539 .651 .908 r
.69443 .55108 .70663 .56859 .73283 .56889 .72071 .55075 Metetra
.546 .648 .902 r
.72071 .55075 .73283 .56889 .75937 .56897 .74732 .55017 Metetra
.553 .645 .895 r
.74732 .55017 .75937 .56897 .78625 .56881 .77427 .54929 Metetra
.561 .642 .888 r
.77427 .54929 .78625 .56881 .81348 .56834 .80155 .54805 Metetra
.571 .64 .88 r
.80155 .54805 .81348 .56834 .84103 .5674 .82916 .54631 Metetra
.577 .636 .873 r
.82916 .54631 .84103 .5674 .86892 .56618 .85709 .54423 Metetra
.588 .634 .864 r
.85709 .54423 .86892 .56618 .89712 .56429 .88531 .54144 Metetra
.598 .631 .856 r
.88531 .54144 .89712 .56429 .9256 .56171 .91381 .53791 Metetra
.618 .634 .845 r
.91381 .53791 .9256 .56171 .95423 .5574 .94244 .53266 Metetra
.452 .666 .954 r
.3259 .52481 .33963 .53763 .36112 .53919 .34746 .52626 Metetra
.456 .668 .954 r
.34746 .52626 .36112 .53919 .3829 .54068 .36932 .52761 Metetra
.461 .669 .953 r
.36932 .52761 .3829 .54068 .40497 .54211 .39148 .52885 Metetra
.467 .67 .951 r
.39148 .52885 .40497 .54211 .42734 .54346 .41394 .52999 Metetra
.473 .67 .95 r
.41394 .52999 .42734 .54346 .45002 .54474 .4367 .53102 Metetra
.479 .67 .947 r
.4367 .53102 .45002 .54474 .47301 .54593 .45978 .53192 Metetra
.486 .669 .945 r
.45978 .53192 .47301 .54593 .49631 .54703 .48318 .5327 Metetra
.493 .669 .941 r
.48318 .5327 .49631 .54703 .51993 .54802 .50689 .53333 Metetra
.5 .667 .938 r
.50689 .53333 .51993 .54802 .54387 .5489 .53093 .53382 Metetra
.507 .666 .934 r
.53093 .53382 .54387 .5489 .56813 .54966 .55529 .53415 Metetra
.514 .664 .929 r
.55529 .53415 .56813 .54966 .59272 .55028 .57997 .5343 Metetra
.521 .662 .925 r
.57997 .5343 .59272 .55028 .61765 .55075 .60499 .53427 Metetra
.529 .66 .919 r
.60499 .53427 .61765 .55075 .6429 .55105 .63034 .53403 Metetra
.536 .657 .914 r
.63034 .53403 .6429 .55105 .6685 .55117 .65602 .53357 Metetra
.543 .654 .908 r
.65602 .53357 .6685 .55117 .69443 .55108 .68204 .53286 Metetra
.551 .651 .901 r
.68204 .53286 .69443 .55108 .72071 .55075 .70839 .53189 Metetra
.558 .648 .895 r
.70839 .53189 .72071 .55075 .74732 .55017 .73507 .53061 Metetra
.565 .645 .888 r
.73507 .53061 .74732 .55017 .77427 .54929 .76209 .52901 Metetra
.573 .642 .881 r
.76209 .52901 .77427 .54929 .80155 .54805 .78943 .527 Metetra
.581 .639 .874 r
.78943 .527 .80155 .54805 .82916 .54631 .81708 .52449 Metetra
.587 .636 .867 r
.81708 .52449 .82916 .54631 .85709 .54423 .84506 .52158 Metetra
.597 .634 .859 r
.84506 .52158 .85709 .54423 .88531 .54144 .87332 .51796 Metetra
.606 .633 .851 r
.87332 .51796 .88531 .54144 .91381 .53791 .90184 .51359 Metetra
.624 .635 .842 r
.90184 .51359 .91381 .53791 .94244 .53266 .93052 .50763 Metetra
.453 .667 .954 r
.31196 .51178 .3259 .52481 .34746 .52626 .33359 .51312 Metetra
.459 .669 .954 r
.33359 .51312 .34746 .52626 .36932 .52761 .35553 .5143 Metetra
.466 .67 .952 r
.35553 .5143 .36932 .52761 .39148 .52885 .37777 .51534 Metetra
.473 .671 .951 r
.37777 .51534 .39148 .52885 .41394 .52999 .40032 .51623 Metetra
.48 .672 .948 r
.40032 .51623 .41394 .52999 .4367 .53102 .42318 .51697 Metetra
.487 .672 .945 r
.42318 .51697 .4367 .53102 .45978 .53192 .44636 .51756 Metetra
.495 .671 .942 r
.44636 .51756 .45978 .53192 .48318 .5327 .46985 .51797 Metetra
.503 .67 .939 r
.46985 .51797 .48318 .5327 .50689 .53333 .49366 .51821 Metetra
.51 .669 .935 r
.49366 .51821 .50689 .53333 .53093 .53382 .51779 .51827 Metetra
.518 .667 .93 r
.51779 .51827 .53093 .53382 .55529 .53415 .54224 .51813 Metetra
.525 .665 .925 r
.54224 .51813 .55529 .53415 .57997 .5343 .56703 .51779 Metetra
.533 .663 .92 r
.56703 .51779 .57997 .5343 .60499 .53427 .59214 .51722 Metetra
.54 .661 .914 r
.59214 .51722 .60499 .53427 .63034 .53403 .61757 .51641 Metetra
.548 .658 .908 r
.61757 .51641 .63034 .53403 .65602 .53357 .64334 .51535 Metetra
.555 .655 .902 r
.64334 .51535 .65602 .53357 .68204 .53286 .66944 .51401 Metetra
.562 .652 .896 r
.66944 .51401 .68204 .53286 .70839 .53189 .69587 .51237 Metetra
.569 .649 .889 r
.69587 .51237 .70839 .53189 .73507 .53061 .72263 .5104 Metetra
.575 .646 .883 r
.72263 .5104 .73507 .53061 .76209 .52901 .74971 .50807 Metetra
.582 .643 .876 r
.74971 .50807 .76209 .52901 .78943 .527 .77712 .50533 Metetra
.59 .64 .869 r
.77712 .50533 .78943 .527 .81708 .52449 .80483 .50206 Metetra
.596 .637 .862 r
.80483 .50206 .81708 .52449 .84506 .52158 .83285 .49837 Metetra
.605 .635 .855 r
.83285 .49837 .84506 .52158 .87332 .51796 .86115 .49399 Metetra
.613 .634 .848 r
.86115 .49399 .87332 .51796 .90184 .51359 .88972 .48886 Metetra
.628 .637 .84 r
.88972 .48886 .90184 .51359 .93052 .50763 .91846 .4823 Metetra
.455 .668 .954 r
.2978 .49856 .31196 .51178 .33359 .51312 .31951 .49977 Metetra
.463 .671 .953 r
.31951 .49977 .33359 .51312 .35553 .5143 .34153 .50076 Metetra
.472 .672 .952 r
.34153 .50076 .35553 .5143 .37777 .51534 .36386 .50156 Metetra
.48 .673 .949 r
.36386 .50156 .37777 .51534 .40032 .51623 .3865 .50217 Metetra
.488 .674 .947 r
.3865 .50217 .40032 .51623 .42318 .51697 .40945 .50259 Metetra
.496 .674 .943 r
.40945 .50259 .42318 .51697 .44636 .51756 .43272 .50282 Metetra
.505 .673 .94 r
.43272 .50282 .44636 .51756 .46985 .51797 .45631 .50284 Metetra
.513 .672 .936 r
.45631 .50284 .46985 .51797 .49366 .51821 .48022 .50265 Metetra
.521 .67 .931 r
.48022 .50265 .49366 .51821 .51779 .51827 .50445 .50224 Metetra
.529 .669 .926 r
.50445 .50224 .51779 .51827 .54224 .51813 .529 .50161 Metetra
.536 .666 .921 r
.529 .50161 .54224 .51813 .56703 .51779 .55388 .50073 Metetra
.544 .664 .915 r
.55388 .50073 .56703 .51779 .59214 .51722 .57908 .4996 Metetra
.551 .661 .909 r
.57908 .4996 .59214 .51722 .61757 .51641 .60461 .49821 Metetra
.558 .658 .903 r
.60461 .49821 .61757 .51641 .64334 .51535 .63047 .49653 Metetra
.565 .655 .897 r
.63047 .49653 .64334 .51535 .66944 .51401 .65666 .49454 Metetra
.572 .652 .891 r
.65666 .49454 .66944 .51401 .69587 .51237 .68317 .49223 Metetra
.578 .649 .884 r
.68317 .49223 .69587 .51237 .72263 .5104 .71 .48957 Metetra
.585 .646 .878 r
.71 .48957 .72263 .5104 .74971 .50807 .73715 .48654 Metetra
.591 .643 .871 r
.73715 .48654 .74971 .50807 .77712 .50533 .76462 .48307 Metetra
.598 .641 .864 r
.76462 .48307 .77712 .50533 .80483 .50206 .79239 .47909 Metetra
.604 .638 .858 r
.79239 .47909 .80483 .50206 .83285 .49837 .82047 .47466 Metetra
.611 .637 .852 r
.82047 .47466 .83285 .49837 .86115 .49399 .84882 .46957 Metetra
.619 .636 .845 r
.84882 .46957 .86115 .49399 .88972 .48886 .87744 .46376 Metetra
.632 .638 .838 r
.87744 .46376 .88972 .48886 .91846 .4823 .90625 .45666 Metetra
.457 .669 .954 r
.28342 .48513 .2978 .49856 .31951 .49977 .30521 .48619 Metetra
.468 .672 .953 r
.30521 .48619 .31951 .49977 .34153 .50076 .32731 .48697 Metetra
.478 .674 .951 r
.32731 .48697 .34153 .50076 .36386 .50156 .34973 .4875 Metetra
.487 .676 .948 r
.34973 .4875 .36386 .50156 .3865 .50217 .37246 .48779 Metetra
.497 .676 .945 r
.37246 .48779 .3865 .50217 .40945 .50259 .39551 .48786 Metetra
.506 .676 .941 r
.39551 .48786 .40945 .50259 .43272 .50282 .41888 .48769 Metetra
.515 .675 .937 r
.41888 .48769 .43272 .50282 .45631 .50284 .44257 .48728 Metetra
.523 .674 .932 r
.44257 .48728 .45631 .50284 .48022 .50265 .46658 .48663 Metetra
.532 .672 .927 r
.46658 .48663 .48022 .50265 .50445 .50224 .49091 .48573 Metetra
.54 .67 .922 r
.49091 .48573 .50445 .50224 .529 .50161 .51556 .48457 Metetra
.547 .667 .916 r
.51556 .48457 .529 .50161 .55388 .50073 .54053 .48314 Metetra
.555 .665 .91 r
.54053 .48314 .55388 .50073 .57908 .4996 .56583 .48142 Metetra
.562 .662 .904 r
.56583 .48142 .57908 .4996 .60461 .49821 .59146 .47942 Metetra
.568 .659 .898 r
.59146 .47942 .60461 .49821 .63047 .49653 .6174 .47711 Metetra
.575 .656 .892 r
.6174 .47711 .63047 .49653 .65666 .49454 .64367 .47447 Metetra
.581 .653 .886 r
.64367 .47447 .65666 .49454 .68317 .49223 .67026 .4715 Metetra
.587 .65 .879 r
.67026 .4715 .68317 .49223 .71 .48957 .69717 .46815 Metetra
.593 .647 .873 r
.69717 .46815 .71 .48957 .73715 .48654 .7244 .46442 Metetra
.599 .644 .867 r
.7244 .46442 .73715 .48654 .76462 .48307 .75193 .46026 Metetra
.605 .642 .861 r
.75193 .46026 .76462 .48307 .79239 .47909 .77977 .45559 Metetra
.61 .639 .855 r
.77977 .45559 .79239 .47909 .82047 .47466 .80791 .45047 Metetra
.617 .638 .849 r
.80791 .45047 .82047 .47466 .84882 .46957 .83633 .44472 Metetra
.624 .637 .843 r
.83633 .44472 .84882 .46957 .87744 .46376 .86501 .43828 Metetra
.635 .639 .837 r
.86501 .43828 .87744 .46376 .90625 .45666 .89389 .43072 Metetra
.459 .67 .954 r
.26881 .47149 .28342 .48513 .30521 .48619 .29068 .47239 Metetra
.473 .674 .952 r
.29068 .47239 .30521 .48619 .32731 .48697 .31287 .47291 Metetra
.485 .677 .95 r
.31287 .47291 .32731 .48697 .34973 .4875 .33538 .47314 Metetra
.496 .678 .947 r
.33538 .47314 .34973 .4875 .37246 .48779 .35821 .47308 Metetra
.506 .678 .943 r
.35821 .47308 .37246 .48779 .39551 .48786 .38136 .47277 Metetra
.516 .678 .938 r
.38136 .47277 .39551 .48786 .41888 .48769 .40483 .47217 Metetra
.525 .677 .934 r
.40483 .47217 .41888 .48769 .44257 .48728 .42862 .47129 Metetra
.534 .675 .929 r
.42862 .47129 .44257 .48728 .46658 .48663 .45273 .47014 Metetra
.542 .673 .923 r
.45273 .47014 .46658 .48663 .49091 .48573 .47716 .46871 Metetra
.55 .671 .917 r
.47716 .46871 .49091 .48573 .51556 .48457 .50191 .467 Metetra
.558 .668 .912 r
.50191 .467 .51556 .48457 .54053 .48314 .52699 .46499 Metetra
.565 .666 .906 r
.52699 .46499 .54053 .48314 .56583 .48142 .55238 .46267 Metetra
.571 .663 .899 r
